time [µs]	Amp[V]	HF [V]	TGC [dB]
0,0	0,293	0,005	0,157
0,1	0,557	0,021	0,315
0,2	0,878	0,981	-0,157
0,3	1,178	-0,672	-0,157
0,4	1,385	-1,011	0,630
0,5	1,465	-1,011	0,472
0,6	1,437	0,997	0,315
0,7	1,354	0,997	0,000
0,8	1,271	0,997	-0,157
0,9	1,227	0,997	0,157
1,0	1,229	-1,011	0,315
1,1	1,264	0,572	0,157
1,2	1,312	0,997	0,000
1,3	1,348	-0,877	0,000
1,4	1,346	-1,011	0,157
1,5	1,288	-1,011	0,315
1,6	1,173	0,698	0,157
1,7	1,031	0,997	0,000
1,8	0,918	0,328	0,157
1,9	0,893	0,273	0,157
2,0	0,980	-0,995	0,157
2,1	1,142	-1,011	0,157
2,2	1,284	-0,286	0,157
2,3	1,304	0,997	0,157
2,4	1,152	0,997	0,157
2,5	0,863	-0,255	0,157
2,6	0,546	-0,554	0,157
2,7	0,319	-0,176	0,157
2,8	0,244	-0,208	0,157
2,9	0,294	-0,310	0,000
3,0	0,378	0,029	0,157
3,1	0,404	0,344	0,000
3,2	0,337	0,225	0,000
3,3	0,210	-0,097	0,157
3,4	0,088	-0,074	0,157
3,5	0,022	0,052	0,157
3,6	0,020	0,013	0,157
3,7	0,053	-0,011	0,157
3,8	0,088	0,076	0,157
3,9	0,105	0,029	0,157
4,0	0,107	-0,105	0,157
4,1	0,103	-0,066	0,157
4,2	0,095	0,060	0,157
4,3	0,080	0,052	0,157
4,4	0,057	-0,042	0,157
4,5	0,034	-0,034	0,000
4,6	0,023	0,005	0,000
4,7	0,031	-0,034	0,157
4,8	0,050	-0,034	0,157
4,9	0,067	0,036	0,000
5,0	0,068	0,060	0,157
5,1	0,052	-0,011	0,157
5,2	0,029	-0,027	0,157
5,3	0,012	-0,011	0,157
5,4	0,008	-0,003	0,157
5,5	0,012	-0,003	0,000
5,6	0,016	0,013	0,157
5,7	0,016	0,005	0,000
5,8	0,015	-0,011	0,000
5,9	0,017	0,005	0,157
6,0	0,025	0,029	0,157
6,1	0,034	0,021	0,000
6,2	0,036	-0,003	1,102
6,3	0,031	-0,027	3,622
6,4	0,022	-0,019	5,669
6,5	0,020	-0,003	7,087
6,6	0,028	0,021	7,874
6,7	0,041	0,036	8,346
6,8	0,049	0,036	8,661
6,9	0,044	-0,003	8,819
7,0	0,030	-0,019	8,976
7,1	0,017	-0,019	9,134
7,2	0,013	-0,011	9,134
7,3	0,018	0,005	9,134
7,4	0,024	0,021	9,134
7,5	0,023	0,013	9,291
7,6	0,017	-0,003	9,291
7,7	0,012	-0,011	9,291
7,8	0,014	0,005	9,291
7,9	0,021	-0,003	9,291
8,0	0,024	-0,003	9,291
8,1	0,020	-0,019	9,134
8,2	0,012	-0,019	9,134
8,3	0,011	0,005	9,134
8,4	0,017	0,013	9,134
8,5	0,025	-0,003	9,134
8,6	0,023	-0,003	9,291
8,7	0,010	0,013	9,291
8,8	0,002	0,013	9,291
8,9	0,009	0,005	9,291
9,0	0,034	0,005	9,291
9,1	0,054	-0,003	9,291
9,2	0,050	-0,027	9,291
9,3	0,025	-0,042	9,291
9,4	0,007	-0,011	9,291
9,5	0,019	0,021	9,291
9,6	0,055	0,029	9,134
9,7	0,075	0,021	9,134
9,8	0,047	-0,003	9,134
9,9	0,007	-0,019	9,291
10,0	0,014	-0,019	9,291
10,1	0,100	-0,121	9,291
10,2	0,344	-0,066	9,291
10,3	0,637	0,477	9,291
10,4	0,875	0,580	9,291
10,5	1,005	-0,735	9,291
10,6	1,065	-1,011	9,449
10,7	1,136	0,123	9,291
10,8	1,247	0,997	9,134
10,9	1,331	0,895	9,291
11,0	1,274	-0,948	9,291
11,1	1,027	-0,956	9,449
11,2	0,670	-0,034	9,291
11,3	0,372	0,099	9,291
11,4	0,272	0,029	9,449
11,5	0,377	0,430	9,291
11,6	0,564	0,509	9,291
11,7	0,673	-0,129	9,449
11,8	0,623	-0,538	9,449
11,9	0,449	-0,255	9,291
12,0	0,258	0,131	9,291
12,1	0,135	0,178	9,291
12,2	0,098	0,084	9,291
12,3	0,109	0,060	9,291
12,4	0,125	0,044	9,291
12,5	0,128	-0,066	9,291
12,6	0,128	-0,145	9,449
12,7	0,132	-0,089	9,449
12,8	0,138	0,052	9,449
12,9	0,131	0,115	9,449
13,0	0,108	0,060	9,449
13,1	0,078	-0,019	9,449
13,2	0,058	-0,066	9,449
13,3	0,054	-0,058	9,291
13,4	0,060	-0,011	9,449
13,5	0,064	0,029	9,449
13,6	0,058	0,052	9,449
13,7	0,046	0,021	9,449
13,8	0,035	-0,027	9,449
13,9	0,028	-0,034	9,449
14,0	0,023	-0,003	9,449
14,1	0,017	-0,003	9,449
14,2	0,010	-0,003	9,449
14,3	0,004	0,005	9,449
14,4	0,003	0,005	9,449
14,5	0,007	0,005	9,449
14,6	0,014	0,013	9,449
14,7	0,019	0,005	9,449
14,8	0,019	-0,011	9,449
14,9	0,016	-0,019	9,449
15,0	0,011	-0,003	9,449
15,1	0,008	0,005	9,449
15,2	0,008	0,005	9,449
15,3	0,011	0,005	9,449
15,4	0,015	-0,011	9,449
15,5	0,019	-0,019	9,449
15,6	0,022	0,005	9,449
15,7	0,024	0,021	9,449
15,8	0,026	0,021	9,449
15,9	0,029	-0,003	9,449
16,0	0,030	-0,027	9,449
16,1	0,029	-0,027	9,449
16,2	0,025	-0,003	9,449
16,3	0,018	0,013	9,449
16,4	0,011	0,013	9,449
16,5	0,008	0,005	9,449
16,6	0,011	0,005	9,606
16,7	0,017	0,005	9,606
16,8	0,026	-0,019	9,449
16,9	0,033	-0,034	9,606
17,0	0,036	-0,011	9,606
17,1	0,035	0,021	9,606
17,2	0,031	0,029	9,606
17,3	0,024	0,005	9,449
17,4	0,017	-0,019	9,606
17,5	0,012	-0,011	9,449
17,6	0,011	-0,003	9,449
17,7	0,011	-0,011	9,606
17,8	0,012	-0,003	9,606
17,9	0,011	0,013	9,606
18,0	0,009	0,005	9,606
18,1	0,007	-0,003	9,606
18,2	0,008	0,005	9,606
18,3	0,012	-0,003	9,606
18,4	0,017	-0,019	9,606
18,5	0,020	-0,011	9,606
18,6	0,019	0,013	9,606
18,7	0,016	0,013	9,606
18,8	0,014	0,005	9,606
18,9	0,015	-0,003	9,449
19,0	0,017	-0,019	9,606
19,1	0,020	-0,019	9,606
19,2	0,022	-0,011	9,606
19,3	0,022	0,005	9,606
19,4	0,021	0,021	9,606
19,5	0,019	0,013	9,764
19,6	0,019	-0,003	9,606
19,7	0,020	-0,019	9,606
19,8	0,023	-0,019	9,606
19,9	0,030	-0,027	9,606
20,0	0,039	-0,011	9,606
20,1	0,049	0,036	9,606
20,2	0,057	0,052	9,606
20,3	0,060	0,005	9,606
20,4	0,058	-0,050	9,764
20,5	0,050	-0,042	9,606
20,6	0,038	-0,003	9,606
20,7	0,025	0,021	9,764
20,8	0,016	0,013	9,764
20,9	0,014	-0,011	9,764
21,0	0,022	0,005	9,764
21,1	0,037	0,036	9,606
21,2	0,055	0,029	9,606
21,3	0,068	-0,050	9,606
21,4	0,071	-0,058	9,606
21,5	0,061	0,013	9,606
21,6	0,042	0,044	9,606
21,7	0,023	0,013	9,764
21,8	0,011	-0,003	9,764
21,9	0,009	0,005	9,764
22,0	0,016	-0,003	9,764
22,1	0,026	-0,027	9,606
22,2	0,033	-0,011	9,764
22,3	0,036	0,029	9,764
22,4	0,034	0,029	9,764
22,5	0,029	-0,003	9,764
22,6	0,024	-0,019	9,764
22,7	0,018	-0,019	9,606
22,8	0,013	-0,003	9,764
22,9	0,008	0,005	9,764
23,0	0,006	0,005	9,764
23,1	0,006	0,005	9,764
23,2	0,008	-0,003	9,764
23,3	0,010	-0,003	9,764
23,4	0,011	-0,011	9,764
23,5	0,010	-0,011	9,764
23,6	0,009	0,005	9,764
23,7	0,010	0,005	9,764
23,8	0,013	-0,003	9,764
23,9	0,018	-0,019	9,764
24,0	0,022	-0,019	9,764
24,1	0,024	0,005	9,764
24,2	0,023	0,021	9,764
24,3	0,021	0,005	9,764
24,4	0,020	-0,019	9,921
24,5	0,020	-0,019	9,764
24,6	0,019	-0,003	9,921
24,7	0,016	0,005	9,764
24,8	0,011	0,013	9,764
24,9	0,007	0,005	9,764
25,0	0,005	0,005	9,764
25,1	0,007	-0,003	9,764
25,2	0,010	-0,003	9,764
25,3	0,012	-0,011	9,764
25,4	0,012	-0,011	9,764
25,5	0,010	0,005	9,921
25,6	0,008	0,005	9,921
25,7	0,008	-0,003	9,921
25,8	0,009	-0,011	9,921
25,9	0,010	-0,003	9,921
26,0	0,009	0,005	9,921
26,1	0,007	0,005	9,921
26,2	0,005	-0,003	9,764
26,3	0,004	0,005	9,921
26,4	0,007	0,005	9,921
26,5	0,010	0,005	9,764
26,6	0,012	-0,011	9,764
26,7	0,013	-0,011	9,921
26,8	0,011	-0,003	9,921
26,9	0,008	0,005	9,921
27,0	0,006	0,005	9,921
27,1	0,004	-0,003	9,921
27,2	0,003	-0,003	9,921
27,3	0,003	-0,003	9,921
27,4	0,004	-0,003	9,921
27,5	0,007	-0,003	9,921
27,6	0,011	-0,003	9,921
27,7	0,014	0,013	9,921
27,8	0,015	0,013	9,921
27,9	0,014	-0,003	9,921
28,0	0,011	-0,011	9,921
28,1	0,008	-0,003	9,921
28,2	0,007	0,005	10,079
28,3	0,006	0,005	9,921
28,4	0,005	-0,003	9,921
28,5	0,005	-0,003	10,079
28,6	0,006	0,005	10,079
28,7	0,007	0,005	9,921
28,8	0,009	-0,003	10,079
28,9	0,010	-0,011	9,921
29,0	0,010	-0,003	9,921
29,1	0,008	0,005	9,921
29,2	0,005	0,005	9,921
29,3	0,004	-0,003	9,921
29,4	0,005	0,005	10,079
29,5	0,007	0,005	10,079
29,6	0,009	-0,003	10,079
29,7	0,010	-0,011	10,079
29,8	0,009	-0,003	10,079
29,9	0,007	0,005	10,079
30,0	0,006	-0,003	10,079
30,1	0,005	-0,003	9,921
30,2	0,006	0,005	10,079
30,3	0,006	0,005	10,079
30,4	0,006	0,005	10,079
30,5	0,005	-0,003	9,921
30,6	0,005	-0,003	10,079
30,7	0,004	-0,003	10,079
30,8	0,004	0,005	10,079
30,9	0,006	0,005	10,079
31,0	0,009	0,005	10,079
31,1	0,011	-0,003	10,079
31,2	0,012	-0,011	10,079
31,3	0,011	-0,011	10,079
31,4	0,009	0,005	10,079
31,5	0,010	0,005	10,079
31,6	0,015	-0,011	10,079
31,7	0,024	-0,019	9,921
31,8	0,033	0,021	10,079
31,9	0,040	0,036	10,079
32,0	0,041	0,005	10,079
32,1	0,038	-0,034	10,079
32,2	0,033	-0,027	10,079
32,3	0,027	0,005	10,079
32,4	0,023	0,021	10,236
32,5	0,018	0,013	10,079
32,6	0,014	-0,003	10,079
32,7	0,009	-0,011	10,236
32,8	0,005	-0,003	10,079
32,9	0,004	-0,003	10,079
33,0	0,005	-0,003	10,079
33,1	0,007	-0,003	10,079
33,2	0,007	0,005	10,079
33,3	0,006	0,005	10,079
33,4	0,005	0,005	10,079
33,5	0,005	-0,003	10,236
33,6	0,007	-0,003	10,236
33,7	0,011	-0,011	10,236
33,8	0,014	-0,003	10,079
33,9	0,015	0,013	10,236
34,0	0,016	0,013	10,236
34,1	0,018	0,005	10,079
34,2	0,021	-0,019	10,236
34,3	0,023	-0,019	10,079
34,4	0,024	0,005	10,079
34,5	0,022	0,021	10,236
34,6	0,018	0,013	10,079
34,7	0,014	0,005	10,079
34,8	0,012	-0,011	10,236
34,9	0,012	-0,011	10,236
35,0	0,013	-0,003	10,236
35,1	0,014	0,005	10,236
35,2	0,014	0,013	10,236
35,3	0,013	0,013	10,236
35,4	0,012	0,005	10,236
35,5	0,011	-0,003	10,236
35,6	0,010	-0,011	10,236
35,7	0,009	0,005	10,236
35,8	0,007	0,005	10,236
35,9	0,006	0,005	10,236
36,0	0,006	0,005	10,236
36,1	0,005	-0,003	10,236
36,2	0,005	-0,003	10,236
36,3	0,004	-0,003	10,236
36,4	0,005	-0,003	10,236
36,5	0,005	0,005	10,236
36,6	0,006	0,005	10,236
36,7	0,007	0,005	10,236
36,8	0,006	0,005	10,236
36,9	0,005	-0,003	10,236
37,0	0,004	-0,003	10,236
37,1	0,004	-0,003	10,236
37,2	0,005	-0,003	10,236
37,3	0,006	0,005	10,236
37,4	0,006	0,005	10,236
37,5	0,005	-0,003	10,394
37,6	0,004	-0,003	10,394
37,7	0,004	-0,003	10,394
37,8	0,005	-0,003	10,394
37,9	0,006	0,005	10,236
38,0	0,007	0,005	10,236
38,1	0,006	0,005	10,236
38,2	0,005	-0,003	10,236
38,3	0,004	-0,003	10,236
38,4	0,004	-0,003	10,236
38,5	0,005	-0,003	10,394
38,6	0,006	0,005	10,394
38,7	0,007	0,005	10,394
38,8	0,006	0,005	10,394
38,9	0,005	-0,003	10,394
39,0	0,004	-0,003	10,394
39,1	0,004	-0,003	10,394
39,2	0,005	-0,003	10,394
39,3	0,006	0,005	10,394
39,4	0,007	0,005	10,236
39,5	0,006	0,005	10,236
39,6	0,005	-0,003	10,394
39,7	0,004	-0,003	10,394
39,8	0,004	-0,003	10,394
39,9	0,005	-0,003	10,394
40,0	0,006	0,005	10,394
40,1	0,007	0,005	10,394
40,2	0,007	0,005	10,394
40,3	0,005	-0,003	10,394
40,4	0,003	-0,003	10,394
40,5	0,003	-0,003	10,394
40,6	0,004	-0,003	10,394
40,7	0,005	-0,003	10,394
40,8	0,006	0,005	10,394
40,9	0,006	0,005	10,394
41,0	0,005	-0,003	10,394
41,1	0,004	-0,003	10,394
41,2	0,005	-0,003	10,394
41,3	0,006	0,005	10,394
41,4	0,006	0,005	10,551
41,5	0,006	0,005	10,394
41,6	0,005	-0,003	10,394
41,7	0,005	-0,003	10,551
41,8	0,005	-0,003	10,394
41,9	0,006	0,005	10,394
42,0	0,006	0,005	10,394
42,1	0,006	-0,003	10,394
42,2	0,005	-0,003	10,394
42,3	0,004	-0,003	10,551
42,4	0,004	0,005	10,551
42,5	0,004	-0,003	10,394
42,6	0,005	-0,003	10,551
42,7	0,005	-0,003	10,551
42,8	0,006	0,005	10,551
42,9	0,006	0,005	10,551
43,0	0,006	0,005	10,551
43,1	0,006	-0,003	10,394
43,2	0,005	-0,003	10,551
43,3	0,004	-0,003	10,394
43,4	0,004	0,005	10,394
43,5	0,004	-0,003	10,551
43,6	0,005	0,005	10,551
43,7	0,006	-0,003	10,551
43,8	0,007	0,005	10,551
43,9	0,006	0,005	10,551
44,0	0,006	-0,003	10,551
44,1	0,005	-0,003	10,551
44,2	0,005	-0,003	10,551
44,3	0,005	0,005	10,551
44,4	0,007	0,005	10,551
44,5	0,008	-0,003	10,551
44,6	0,010	-0,011	10,551
44,7	0,011	-0,003	10,551
44,8	0,012	0,005	10,551
44,9	0,011	0,013	10,551
45,0	0,009	0,005	10,551
45,1	0,007	-0,003	10,551
45,2	0,005	-0,003	10,551
45,3	0,003	-0,003	10,551
45,4	0,004	-0,003	10,551
45,5	0,004	-0,003	10,551
45,6	0,005	0,005	10,551
45,7	0,006	0,005	10,551
45,8	0,007	0,005	10,551
45,9	0,009	-0,003	10,551
46,0	0,011	-0,011	10,551
46,1	0,012	0,005	10,551
46,2	0,013	0,013	10,551
46,3	0,012	0,005	10,551
46,4	0,011	-0,003	10,551
46,5	0,010	-0,011	10,709
46,6	0,008	-0,003	10,709
46,7	0,007	0,005	10,709
46,8	0,006	0,005	10,709
46,9	0,005	-0,003	10,551
47,0	0,005	-0,003	10,551
47,1	0,006	0,005	10,709
47,2	0,006	0,005	10,709
47,3	0,005	-0,003	10,551
47,4	0,005	-0,003	10,551
47,5	0,005	-0,003	10,709
47,6	0,005	0,005	10,709
47,7	0,006	0,005	10,709
47,8	0,007	0,005	10,709
47,9	0,007	-0,003	10,709
48,0	0,005	-0,003	10,709
48,1	0,004	-0,003	10,709
48,2	0,002	-0,003	10,709
48,3	0,002	-0,003	10,709
48,4	0,004	-0,003	10,709
48,5	0,006	-0,003	10,709
48,6	0,007	0,005	10,709
48,7	0,007	0,005	10,709
48,8	0,005	-0,003	10,709
48,9	0,003	-0,003	10,709
49,0	0,003	-0,003	10,709
49,1	0,003	-0,003	10,709
49,2	0,005	-0,003	10,709
49,3	0,007	-0,003	10,709
49,4	0,007	0,005	10,709
49,5	0,006	0,005	10,866
49,6	0,005	0,005	10,709
49,7	0,005	-0,003	10,709
49,8	0,005	0,005	10,709
49,9	0,006	0,005	10,709
50,0	0,007	-0,003	10,709
50,1	0,006	-0,003	10,709
50,2	0,004	0,005	10,709
50,3	0,003	-0,003	10,709
50,4	0,004	-0,003	10,709
50,5	0,007	-0,003	10,709
50,6	0,009	-0,003	10,709
50,7	0,010	0,013	10,709
50,8	0,010	0,005	10,866
50,9	0,008	-0,003	10,709
51,0	0,006	0,005	10,709
51,1	0,005	0,005	10,709
51,2	0,004	-0,003	10,709
51,3	0,005	-0,003	10,709
51,4	0,006	-0,003	10,709
51,5	0,009	0,005	10,709
51,6	0,011	0,013	10,866
51,7	0,013	0,005	10,866
51,8	0,012	-0,003	10,866
51,9	0,010	-0,011	10,866
52,0	0,008	-0,003	10,866
52,1	0,006	0,005	10,866
52,2	0,006	0,005	10,866
52,3	0,007	0,005	10,709
52,4	0,008	0,005	10,709
52,5	0,007	-0,003	10,709
52,6	0,006	-0,003	10,709
52,7	0,004	-0,003	10,866
52,8	0,004	-0,003	10,866
52,9	0,005	-0,003	10,866
53,0	0,006	0,005	10,866
53,1	0,005	-0,003	10,866
53,2	0,004	-0,003	10,866
53,3	0,003	-0,003	10,866
53,4	0,003	-0,003	10,866
53,5	0,003	-0,003	10,866
53,6	0,005	-0,003	10,866
53,7	0,005	-0,003	10,866
53,8	0,005	0,005	10,866
53,9	0,004	-0,003	10,866
54,0	0,004	-0,003	10,866
54,1	0,005	-0,003	10,866
54,2	0,006	0,005	10,866
54,3	0,007	0,005	11,024
54,4	0,006	0,005	10,866
54,5	0,005	-0,003	10,866
54,6	0,004	0,005	10,866
54,7	0,005	-0,003	10,866
54,8	0,006	0,005	10,866
54,9	0,006	-0,003	10,866
55,0	0,005	-0,003	10,866
55,1	0,004	-0,003	10,866
55,2	0,003	-0,003	10,866
55,3	0,003	-0,003	10,866
55,4	0,004	-0,003	10,866
55,5	0,005	-0,003	11,024
55,6	0,005	0,005	11,024
55,7	0,005	-0,003	11,024
55,8	0,004	0,005	11,024
55,9	0,004	-0,003	11,024
56,0	0,005	-0,003	11,024
56,1	0,006	-0,003	10,866
56,2	0,006	0,005	10,866
56,3	0,006	0,005	10,866
56,4	0,005	-0,003	10,866
56,5	0,006	-0,003	10,866
56,6	0,006	0,005	10,866
56,7	0,006	0,005	11,024
56,8	0,005	-0,003	11,024
56,9	0,004	-0,003	11,024
57,0	0,004	-0,003	11,024
57,1	0,004	-0,003	11,024
57,2	0,006	0,005	11,024
57,3	0,007	0,005	11,024
57,4	0,007	-0,003	11,024
57,5	0,005	-0,003	11,024
57,6	0,003	-0,003	10,866
57,7	0,002	-0,003	11,024
57,8	0,002	-0,003	11,024
57,9	0,004	-0,003	11,024
58,0	0,005	-0,003	11,024
58,1	0,007	0,005	11,024
58,2	0,007	0,005	11,024
58,3	0,006	-0,003	11,024
58,4	0,005	-0,003	11,024
58,5	0,003	-0,003	11,024
58,6	0,002	-0,003	11,024
58,7	0,003	-0,003	11,024
58,8	0,006	-0,003	11,024
58,9	0,015	-0,011	11,024
59,0	0,030	0,013	11,024
59,1	0,052	0,052	11,024
59,2	0,083	0,036	11,024
59,3	0,122	-0,082	11,024
59,4	0,163	-0,152	11,181
59,5	0,203	-0,019	11,024
59,6	0,233	0,210	11,024
59,7	0,248	0,194	11,024
59,8	0,245	-0,050	11,024
59,9	0,226	-0,215	11,024
60,0	0,196	-0,145	11,024
60,1	0,163	0,029	11,024
60,2	0,133	0,123	11,024
60,3	0,108	0,092	11,024
60,4	0,088	0,013	11,024
60,5	0,073	-0,050	11,024
60,6	0,059	-0,058	11,181
60,7	0,047	-0,034	11,181
60,8	0,038	-0,003	11,181
60,9	0,033	0,021	11,181
61,0	0,032	0,029	11,181
61,1	0,033	0,029	11,181
61,2	0,034	0,005	11,181
61,3	0,032	-0,027	11,024
61,4	0,029	-0,027	11,024
61,5	0,024	-0,011	11,181
61,6	0,019	0,005	11,181
61,7	0,014	0,013	11,024
61,8	0,011	0,013	11,181
61,9	0,010	0,005	11,181
62,0	0,010	0,005	11,181
62,1	0,010	-0,003	11,181
62,2	0,012	-0,011	11,181
62,3	0,013	-0,011	11,181
62,4	0,014	-0,011	11,181
62,5	0,015	0,005	11,181
62,6	0,015	0,013	11,181
62,7	0,015	0,013	11,181
62,8	0,015	0,005	11,181
62,9	0,013	-0,011	11,181
63,0	0,011	-0,011	11,181
63,1	0,010	-0,003	11,181
63,2	0,009	0,005	11,181
63,3	0,010	0,005	11,181
63,4	0,010	0,013	11,181
63,5	0,010	0,005	11,181
63,6	0,009	-0,003	11,181
63,7	0,006	-0,003	11,181
63,8	0,004	-0,003	11,181
63,9	0,002	-0,003	11,181
64,0	0,003	-0,003	11,181
64,1	0,005	0,005	11,181
64,2	0,008	0,005	11,181
64,3	0,010	0,005	11,181
64,4	0,010	0,005	11,181
64,5	0,009	-0,011	11,181
64,6	0,006	-0,003	11,339
64,7	0,004	-0,003	11,339
64,8	0,003	-0,003	11,339
64,9	0,003	-0,003	11,181
65,0	0,003	-0,003	11,181
65,1	0,005	0,005	11,339
65,2	0,006	-0,003	11,339
65,3	0,008	-0,003	11,339
65,4	0,009	-0,003	11,339
65,5	0,009	-0,011	11,181
65,6	0,008	0,005	11,181
65,7	0,007	0,005	11,339
65,8	0,006	0,005	11,339
65,9	0,006	-0,003	11,339
66,0	0,007	-0,003	11,339
66,1	0,009	-0,011	11,339
66,2	0,009	0,005	11,339
66,3	0,008	0,005	11,339
66,4	0,007	0,005	11,339
66,5	0,006	0,005	11,339
66,6	0,005	0,005	11,339
66,7	0,005	-0,003	11,339
66,8	0,005	-0,003	11,339
66,9	0,005	-0,003	11,339
67,0	0,006	0,005	11,339
67,1	0,006	0,005	11,339
67,2	0,006	-0,003	11,339
67,3	0,006	-0,003	11,339
67,4	0,005	-0,003	11,339
67,5	0,004	-0,003	11,339
67,6	0,004	0,005	11,339
67,7	0,005	-0,003	11,339
67,8	0,006	0,005	11,339
67,9	0,006	-0,003	11,339
68,0	0,005	-0,003	11,339
68,1	0,004	-0,003	11,339
68,2	0,003	-0,003	11,339
68,3	0,003	-0,003	11,339
68,4	0,003	-0,003	11,339
68,5	0,003	-0,003	11,339
68,6	0,003	-0,003	11,496
68,7	0,003	-0,003	11,496
68,8	0,003	-0,003	11,496
68,9	0,003	-0,003	11,496
69,0	0,004	-0,003	11,496
69,1	0,006	0,005	11,339
69,2	0,009	0,005	11,339
69,3	0,011	-0,003	11,339
69,4	0,011	-0,011	11,339
69,5	0,011	-0,011	11,339
69,6	0,010	-0,003	11,339
69,7	0,008	0,005	11,339
69,8	0,007	0,005	11,496
69,9	0,005	-0,003	11,496
70,0	0,004	-0,003	11,496
70,1	0,004	-0,003	11,496
70,2	0,005	0,005	11,496
70,3	0,006	-0,003	11,496
70,4	0,008	-0,003	11,496
70,5	0,008	-0,011	11,496
70,6	0,008	-0,003	11,339
70,7	0,008	0,005	11,339
70,8	0,007	0,005	11,496
70,9	0,007	-0,003	11,339
71,0	0,007	-0,003	11,496
71,1	0,007	-0,011	11,496
71,2	0,008	-0,003	11,496
71,3	0,008	-0,003	11,496
71,4	0,007	0,005	11,496
71,5	0,007	0,005	11,496
71,6	0,006	0,005	11,496
71,7	0,005	-0,003	11,496
71,8	0,004	-0,003	11,496
71,9	0,004	-0,003	11,496
72,0	0,004	-0,003	11,496
72,1	0,004	-0,003	11,496
72,2	0,005	0,005	11,496
72,3	0,005	-0,003	11,654
72,4	0,004	-0,003	11,654
72,5	0,003	-0,003	11,496
72,6	0,003	-0,003	11,654
72,7	0,004	-0,003	11,496
72,8	0,005	0,005	11,496
72,9	0,005	-0,003	11,496
73,0	0,004	-0,003	11,496
73,1	0,003	-0,003	11,496
73,2	0,002	-0,003	11,496
73,3	0,002	-0,003	11,496
73,4	0,003	-0,003	11,496
73,5	0,004	-0,003	11,654
73,6	0,005	-0,003	11,654
73,7	0,006	-0,003	11,654
73,8	0,006	0,005	11,654
73,9	0,007	0,005	11,654
74,0	0,007	0,005	11,654
74,1	0,005	-0,003	11,654
74,2	0,004	-0,003	11,654
74,3	0,003	-0,003	11,654
74,4	0,003	-0,003	11,496
74,5	0,004	-0,003	11,496
74,6	0,005	-0,003	11,496
74,7	0,006	0,005	11,654
74,8	0,006	-0,003	11,654
74,9	0,006	-0,003	11,654
75,0	0,005	0,005	11,654
75,1	0,005	-0,003	11,654
75,2	0,005	-0,003	11,654
75,3	0,005	0,005	11,654
75,4	0,005	-0,003	11,654
75,5	0,004	-0,003	11,654
75,6	0,004	-0,003	11,654
75,7	0,003	-0,003	11,654
75,8	0,003	-0,003	11,654
75,9	0,003	-0,003	11,654
76,0	0,003	-0,003	11,654
76,1	0,003	-0,003	11,654
76,2	0,003	-0,003	11,654
76,3	0,003	-0,003	11,654
76,4	0,003	-0,003	11,654
76,5	0,003	-0,003	11,654
76,6	0,003	-0,003	11,654
76,7	0,004	-0,003	11,654
76,8	0,004	-0,003	11,654
76,9	0,004	-0,003	11,654
77,0	0,005	-0,003	11,654
77,1	0,005	-0,003	11,654
77,2	0,006	0,005	11,654
77,3	0,006	-0,003	11,654
77,4	0,005	0,005	11,654
77,5	0,004	-0,003	11,654
77,6	0,003	-0,003	11,654
77,7	0,002	-0,003	11,654
77,8	0,003	-0,003	11,654
77,9	0,006	-0,003	11,811
78,0	0,009	-0,011	11,811
78,1	0,011	-0,003	11,654
78,2	0,010	0,005	11,654
78,3	0,008	0,005	11,654
78,4	0,005	0,005	11,654
78,5	0,003	-0,003	11,654
78,6	0,003	-0,003	11,654
78,7	0,005	-0,003	11,654
78,8	0,006	-0,003	11,811
78,9	0,007	0,005	11,811
79,0	0,007	0,005	11,811
79,1	0,006	0,005	11,811
79,2	0,007	0,005	11,811
79,3	0,007	-0,003	11,811
79,4	0,008	-0,003	11,811
79,5	0,008	-0,011	11,811
79,6	0,007	0,005	11,654
79,7	0,007	-0,003	11,654
79,8	0,006	0,005	11,811
79,9	0,006	0,005	11,811
80,0	0,005	-0,003	11,811
80,1	0,005	-0,003	11,811
80,2	0,004	-0,003	11,811
80,3	0,003	-0,003	11,811
80,4	0,003	-0,003	11,811
80,5	0,003	-0,003	11,811
80,6	0,003	-0,003	11,811
80,7	0,004	-0,003	11,969
80,8	0,005	-0,003	11,811
80,9	0,006	-0,003	11,811
81,0	0,006	0,005	11,811
81,1	0,006	0,005	11,811
81,2	0,005	-0,003	11,811
81,3	0,004	-0,003	11,811
81,4	0,003	-0,003	11,811
81,5	0,003	-0,003	11,811
81,6	0,003	-0,003	11,969
81,7	0,003	-0,003	11,811
81,8	0,004	-0,003	11,811
81,9	0,004	-0,003	11,969
82,0	0,004	-0,003	11,969
82,1	0,005	-0,003	11,811
82,2	0,006	0,005	11,811
82,3	0,006	-0,003	11,811
82,4	0,006	-0,003	11,811
82,5	0,005	0,005	11,811
82,6	0,004	-0,003	11,969
82,7	0,004	0,005	11,969
82,8	0,005	-0,003	11,969
82,9	0,007	0,005	11,969
83,0	0,007	-0,003	11,811
83,1	0,007	-0,003	11,969
83,2	0,006	0,005	11,969
83,3	0,005	-0,003	11,969
83,4	0,005	0,005	11,969
83,5	0,006	0,005	11,969
83,6	0,006	-0,003	11,811
83,7	0,005	-0,003	11,811
83,8	0,004	-0,003	11,969
83,9	0,003	-0,003	11,969
84,0	0,003	-0,003	11,969
84,1	0,003	-0,003	11,969
84,2	0,003	-0,003	11,969
84,3	0,003	-0,003	12,126
84,4	0,003	-0,003	12,126
84,5	0,004	-0,003	11,969
84,6	0,004	-0,003	11,969
84,7	0,005	0,005	11,969
84,8	0,006	-0,003	11,969
84,9	0,005	-0,003	11,969
85,0	0,005	-0,003	11,969
85,1	0,004	-0,003	11,969
85,2	0,003	-0,003	11,969
85,3	0,004	-0,003	11,969
85,4	0,004	-0,003	11,969
85,5	0,004	-0,003	12,126
85,6	0,004	-0,003	12,126
85,7	0,004	-0,003	12,126
85,8	0,004	-0,003	12,126
85,9	0,004	-0,003	11,969
86,0	0,004	-0,003	11,969
86,1	0,004	-0,003	11,969
86,2	0,004	-0,003	11,969
86,3	0,004	-0,003	11,969
86,4	0,004	-0,003	11,969
86,5	0,004	-0,003	12,126
86,6	0,004	-0,003	11,969
86,7	0,005	-0,003	12,126
86,8	0,006	-0,003	12,126
86,9	0,007	-0,003	12,126
87,0	0,007	0,005	12,126
87,1	0,006	0,005	12,126
87,2	0,006	-0,003	12,126
87,3	0,005	-0,003	12,126
87,4	0,004	-0,003	11,969
87,5	0,004	-0,003	11,969
87,6	0,004	-0,003	12,126
87,7	0,004	-0,003	12,126
87,8	0,005	-0,003	12,126
87,9	0,006	-0,003	12,126
88,0	0,006	-0,003	12,126
88,1	0,006	-0,003	12,126
88,2	0,005	0,005	12,126
88,3	0,004	-0,003	12,126
88,4	0,004	-0,003	12,126
88,5	0,003	-0,003	12,126
88,6	0,004	-0,003	12,126
88,7	0,004	-0,003	12,126
88,8	0,004	-0,003	12,126
88,9	0,004	-0,003	12,126
89,0	0,005	-0,003	12,126
89,1	0,005	-0,003	12,126
89,2	0,006	-0,003	12,126
89,3	0,006	-0,003	12,126
89,4	0,006	0,005	12,126
89,5	0,005	-0,003	12,126
89,6	0,005	-0,003	12,126
89,7	0,005	0,005	12,283
89,8	0,006	-0,003	12,126
89,9	0,006	-0,003	12,126
90,0	0,005	-0,003	12,126
90,1	0,005	-0,003	12,126
90,2	0,005	-0,003	12,126
90,3	0,005	-0,003	12,283
90,4	0,005	-0,003	12,283
90,5	0,005	-0,003	12,283
90,6	0,005	-0,003	12,283
90,7	0,005	-0,003	12,283
90,8	0,005	-0,003	12,283
90,9	0,005	-0,003	12,283
91,0	0,005	-0,003	12,283
91,1	0,005	-0,003	12,126
91,2	0,006	-0,003	12,126
91,3	0,007	-0,003	12,126
91,4	0,008	-0,003	12,126
91,5	0,007	-0,003	12,283
91,6	0,006	0,005	12,283
91,7	0,005	-0,003	12,283
91,8	0,005	-0,003	12,283
91,9	0,006	-0,003	12,283
92,0	0,007	-0,003	12,283
92,1	0,007	-0,003	12,283
92,2	0,007	0,005	12,283
92,3	0,005	-0,003	12,283
92,4	0,004	-0,003	12,283
92,5	0,005	-0,003	12,283
92,6	0,007	-0,003	12,126
92,7	0,008	-0,003	12,283
92,8	0,008	0,005	12,283
92,9	0,007	-0,003	12,283
93,0	0,005	0,005	12,283
93,1	0,003	-0,003	12,283
93,2	0,003	-0,003	12,283
93,3	0,004	-0,003	12,283
93,4	0,005	-0,003	12,283
93,5	0,005	-0,003	12,283
93,6	0,005	-0,003	12,283
93,7	0,005	-0,003	12,283
93,8	0,005	-0,003	12,283
93,9	0,006	-0,003	12,283
94,0	0,006	-0,003	12,283
94,1	0,006	-0,003	12,283
94,2	0,006	-0,003	12,283
94,3	0,006	-0,003	12,283
94,4	0,006	-0,003	12,283
94,5	0,007	-0,003	12,283
94,6	0,007	-0,003	12,441
94,7	0,008	-0,003	12,441
94,8	0,009	-0,003	12,441
94,9	0,010	-0,003	12,441
95,0	0,010	0,005	12,441
95,1	0,009	-0,003	12,441
95,2	0,008	0,005	12,441
95,3	0,007	-0,003	12,283
95,4	0,007	0,005	12,283
95,5	0,006	0,005	12,441
95,6	0,007	-0,003	12,441
95,7	0,007	-0,003	12,441
95,8	0,007	-0,003	12,441
95,9	0,008	0,005	12,441
96,0	0,009	-0,003	12,441
96,1	0,010	-0,003	12,441
96,2	0,010	-0,003	12,441
96,3	0,011	-0,003	12,441
96,4	0,010	0,005	12,441
96,5	0,009	0,005	12,441
96,6	0,008	0,005	12,441
96,7	0,008	0,005	12,441
96,8	0,008	-0,003	12,441
96,9	0,009	-0,003	12,441
97,0	0,009	-0,003	12,441
97,1	0,009	-0,003	12,441
97,2	0,009	-0,003	12,441
97,3	0,010	-0,003	12,441
97,4	0,011	-0,003	12,441
97,5	0,012	-0,003	12,598
97,6	0,012	0,005	12,441
97,7	0,011	0,005	12,441
97,8	0,010	0,005	12,441
97,9	0,010	0,005	12,441
98,0	0,010	-0,003	12,441
98,1	0,011	-0,003	12,441
98,2	0,012	-0,003	12,441
98,3	0,012	-0,003	12,441
98,4	0,012	-0,003	12,441
98,5	0,013	-0,003	12,598
98,6	0,014	-0,003	12,598
98,7	0,015	-0,003	12,598
98,8	0,015	0,005	12,598
98,9	0,015	-0,003	12,441
99,0	0,014	0,005	12,441
99,1	0,012	-0,003	12,441
99,2	0,011	0,005	12,441
99,3	0,011	-0,003	12,441
99,4	0,012	-0,003	12,441
99,5	0,013	-0,003	12,598
99,6	0,015	-0,003	12,598
99,7	0,016	-0,003	12,598
99,8	0,017	-0,003	12,598
99,9	0,018	-0,003	12,598
