#Bremsspannung in V; Photostrom in 0.1nA
0.001 2.4
0.099 1.8
0.2 1.2
0.3 0.6
0.401 0.2
0.449 0.2
0.5 0.0   #bis einschl. hier orange
0.001 4.6
0.101 3.8
0.15 3.2
0.2 2.9
0.25 2.4
0.299 2.0
0.35 1.5
0.4 1.0
0.45 0.6
0.5 0.4
0.55 0.2
0.6 0.1
0.65 0.0  #bis einschl. hier grün
0.001 9.4
0.05 9.0
0.1 8.4
0.151 7.8
0.25 6.8
0.301 6.2
0.35 5.6
0.4 5.2
0.45 4.4
0.5 4.0
0.55 3.3
0.6 2.8
0.652 2.2
0.701 1.9
0.75 1.5
0.8 1.2
0.85 0.8
0.9 0.6
0.949 0.4
1.0 0.2
1.05 0.0  #bis einschl. hier violett
0.001 8.6
0.05 8.4
0.099 7.6
0.151 7.4
0.2 6.8
0.25 6.4
0.301 5.8
0.35 5.6
0.4 4.9
0.45 4.6
0.549 3.6
0.601 3.2
0.651 2.7
0.7 2.3
0.8 2.0
0.85 1.7
0.9 1.4
0.95 1.1
1.0 0.8
1.05 0.4
1.15 0.2
1.2 0.0   #bis hier einschl. die Farbe links von violett
0.001 0.8
0.025 0.7
0.05 0.7
0.075 0.6
0.1 0.5
0.125 0.4
0.15 0.4
0.175 0.4
0.2 0.3
0.225 0.2
0.25 0.2
0.275 0.2
0.3 0.2
0.325 0.15
0.35 0.1
0.375 0.1
0.4 0.05
0.425 0.0