Kristallwinkel	Rate bei 35kV
theta/°	R(35kV)/Imp/s

5,0	29,0
5,1	36,0
5,2	33,0
5,3	34,0
5,4	41,0
5,5	40,0
5,6	45,0
5,7	48,0
5,8	55,0
5,9	56,0
6,0	60,0
6,1	65,0
6,2	67,0
6,3	73,0
6,4	71,0
6,5	77,0
6,6	86,0
6,7	89,0
6,8	97,0
6,9	86,0
7,0	109,0
7,1	102,0
7,2	117,0
7,3	107,0
7,4	117,0
7,5	117,0
7,6	129,0
7,7	135,0
7,8	128,0
7,9	131,0
8,0	143,0
8,1	140,0
8,2	149,0
8,3	163,0
8,4	148,0
8,5	162,0
8,6	167,0
8,7	163,0
8,8	155,0
8,9	167,0
9,0	161,0
9,1	171,0
9,2	171,0
9,3	186,0
9,4	190,0
9,5	186,0
9,6	188,0
9,7	191,0
9,8	190,0
9,9	193,0
10,0	206,0
10,1	191,0
10,2	202,0
10,3	214,0
10,4	205,0
10,5	208,0
10,6	217,0
10,7	225,0
10,8	217,0
10,9	230,0
11,0	233,0
11,1	240,0
11,2	231,0
11,3	232,0
11,4	249,0
11,5	238,0
11,6	247,0
11,7	233,0
11,8	244,0
11,9	239,0
12,0	245,0
12,1	238,0
12,2	226,0
12,3	243,0
12,4	238,0
12,5	248,0
12,6	241,0
12,7	260,0
12,8	250,0
12,9	247,0
13,0	254,0
13,1	240,0
13,2	236,0
13,3	234,0
13,4	213,0
13,5	207,0
13,6	216,0
13,7	194,0
13,8	189,0
13,9	205,0
14,0	198,0
14,1	198,0
14,2	198,0
14,3	197,0
14,4	199,0
14,5	195,0
14,6	207,0
14,7	186,0
14,8	188,0
14,9	183,0
15,0	177,0
15,1	199,0
15,2	186,0
15,3	187,0
15,4	184,0
15,5	183,0
15,6	189,0
15,7	169,0
15,8	182,0
15,9	175,0
16,0	176,0
16,1	169,0
16,2	167,0
16,3	174,0
16,4	180,0
16,5	166,0
16,6	161,0
16,7	158,0
16,8	159,0
16,9	160,0
17,0	165,0
17,1	162,0
17,2	158,0
17,3	156,0
17,4	149,0
17,5	152,0
17,6	145,0
17,7	157,0
17,8	146,0
17,9	147,0
18,0	150,0
18,1	144,0
18,2	137,0
18,3	142,0
18,4	138,0
18,5	143,0
18,6	134,0
18,7	137,0
18,8	143,0
18,9	142,0
19,0	137,0
19,1	139,0
19,2	143,0
19,3	138,0
19,4	141,0
19,5	134,0
19,6	143,0
19,7	137,0
19,8	155,0
19,9	229,0
20,0	678,0
20,1	1252,0
20,2	1404,0
20,3	1398,0
20,4	1028,0
20,5	471,0
20,6	228,0
20,7	197,0
20,8	191,0
20,9	169,0
21,0	166,0
21,1	163,0
21,2	158,0
21,3	160,0
21,4	156,0
21,5	155,0
21,6	160,0
21,7	161,0
21,8	168,0
21,9	179,0
22,0	209,0
22,1	278,0
22,2	858,0
22,3	2852,0
22,4	4793,0
22,5	5080,0
22,6	4553,0
22,7	2867,0
22,8	1182,0
22,9	254,0
23,0	212,0
23,1	164,0
23,2	148,0
23,3	129,0
23,4	116,0
23,5	114,0
23,6	111,0
23,7	114,0
23,8	113,0
23,9	105,0
24,0	104,0
24,1	99,0
24,2	99,0
24,3	97,0
24,4	100,0
24,5	87,0
24,6	85,0
24,7	92,0
24,8	88,0
24,9	81,0
25,0	86,0
25,1	79,0
25,2	85,0
25,3	70,0
25,4	79,0
25,5	80,0
25,6	68,0
25,7	77,0
25,8	73,0
25,9	80,0
26,0	71,0
26,1	70,0
26,2	65,0
26,3	76,0
26,4	64,0
26,5	66,0
26,6	64,0
26,7	62,0
26,8	58,0
26,9	69,0
27,0	58,0
27,1	56,0
27,2	55,0
27,3	59,0
27,4	54,0
27,5	53,0
27,6	53,0
27,7	53,0
27,8	54,0
27,9	51,0
28,0	52,0
