Siedetemperatur in C Dampfdruck in mbar
20 38
21,5 39
22 39
22,5 41
23 43
24 44
25 46
26 47
27 49
28 50
29 52
30 53
31 55
32 57
33 59
34 60
35 63
36 65
37 67
38 69
39 73
40 77
41 81
42 85
43 90
44 94
45 99
46 104
47 109
48 115
49 122
50 128
51 132
52 138
53 146
55 160
56 168
59 195
60 205
62 222
64 237
65 255
66 267
67 277
68 290
69 301
70 315
71 328
72 342
73 355
74 370
75 383
76 395
77 376
78 385
79 396
80 409
81 420
82 435
83 453
84 463