# Spannung / V & Strom / µA & Zählrate 2*60 s
320 0.2 11680
330 0.2 11939
340 0.1 11946
350 0.2 12320
360 0.2 12291
370 0.2 12371
380 0.2 12393
390 0.2 12433
400 0.2 12259
410 0.2 12157
420 0.2 12428
430 0.2 12475
440 0.2 12566
450 0.3 12440
460 0.3 12645
470 0.3 12446
480 0.3 12625
490 0.4 12516
500 0.4 12415
510 0.4 12632
520 0.4 12344
530 0.4 12406
540 0.4 12626
550 0.4 12504
560 0.4 12545
570 0.4 12832
580 0.5 12695
590 0.5 12612
600 0.5 12620
610 0.5 12574
620 0.6 12907
630 0.6 12812
640 0.6 12769
650 0.6 12848
660 0.6 12977
670 0.6 13033
680 0.6 13026
690 0.6 13363
700 0.7 13219