#Spannung in Volt & Strom in mA
4 0.011
8 0.023
12 0.038
16 0.056
20 0.077
24 0.101
28 0.126
32 0.152
36 0.181
40 0.127
44 0.250
48 0.258
52 0.321
56 0.360
60 0.403
65 0.460
70 0.519
75 0.575
80 0.634
85 0.698
90 0.759
95 0.820
100 0.877
105 0.940
110 1.008
115 1.080
120 1.145
125 1.207
130 1.274
135 1.351
140 1.416
145 1.484
150 1.559
155 1.618
160 1.684
165 1.7060
170 1.817
175 1.893
180 1.954
185 2.03
190 2.10
195 2.18
200 2.25
205 2.31
210 2.39
215 2.46
220 2.53
225 2.60
230 2.66
235 2.73
240 2.81
245 2.88
250 2.92