B in mT Stromstärke in A
3   0.0
104 1.0
276	2.0
394	3.0
475	4.0
531	5.0
576	6.0
610	7.0
642	8.0
668	9.0
696	10.0
682	9.0
667	8.0
648	7.0
626	6.0
600	5.0
566	4.0
523	3.0
460	2.0
342	1.0
131	0.0
-70 -1.0
-147    -2.0
-380    -3.0
-472    -4.0
-531    -5.0
-578    -6.0
-614    -7.0
-646    -8.0
-674    -9.0
-700    -10.0
-691    -9.0
-676    -8.0
-655    -7.0
-632    -6.0
-603    -5.0
-570    -4.0
-523    -3.0
-457    -2.0
-333    -1.0
-123    0.0
78  1.0
267 2.0
400	3.0
485 4.0
544	5.0
589	6.0
625	7.0
655 8.0
684 9.0
715 10.0